-111.18985659809425 -118.27965779236348 -38.867062651846176
-59.92328326410451 -141.0683388705963 -160.95895071047556
-100.52865644929867 -131.0313029173658 -139.59576827848238
-110.68744214464802 -122.58870862923514 -142.3016577241929
-32.05374328367527 -99.72631106621279 -114.07653000106822
-87.62087828930856 -137.17375510945354 -112.62518900143691
-110.56458017872934 -59.00430679351524 -111.33338172208781
-61.943432101940516 -91.48057863428514 -18.125548356905604
-117.45641979140859 -117.37851476946928 -119.85830744542166
-117.1870783505021 -141.34787824884026 -120.10701295329582
-116.84732262321971 -116.97926004205395 -118.5331371780703
-130.82206482134063 -117.46095032416603 -144.48978787771114
-130.59055013267863 -103.8114188607752 -99.38500681456784
-104.07677890499592 -110.80037888109038 -112.72821108649134
-103.76550345516416 -127.54957397039837 -109.64292802363337
-103.57790985780566 -103.30440867796956 -104.44781194734674
-101.34089557856431 -127.03331770692287 -148.28033698945333
-101.620714243408 -122.34522798511317 -121.51550910054532
-99.99575575400108 -99.57519425475903 -100.38596417098911
-99.97568021883158 -100.31333670423287 -119.6363668487376
-83.2274237975978 -85.72068784472252 -94.82096858845226
-85.70064569381653 -86.1873911125937 -88.2658045732678
-86.02806566573041 -85.52771727488182 -86.46576861384773
-85.62796513379504 -85.49005540920301 -78.1397813613734
-62.222153157302714 -90.32434301284829 -141.33994955276526
-68.18379919380533 -87.29079306355177 -94.0313101268785
-70.44362109935862 -74.29945100024402 -72.29400708353155
-71.24112655059109 -67.38126399543343 -53.66427752015954
-58.12302058844924 -54.24309358262224 -14.012479368512736
-49.986172047174435 -77.96228007829905 -65.27540987761533
-97.90922357888465 -52.75307789989348 -61.14012127275405
-41.210819408404575 -80.14288074110902 -60.68180570136499
3.2035923936804966 -76.52545099566717 -74.64009647320614
-21.042003911206848 -77.02910281514016 -87.44195517209998
-46.33003141795896 -35.112192633795935 -46.7783428802581
-19.31223869724419 -23.679902484027743 23.091863557866528
-33.803928252646166 -72.46352891131147 -89.61391216891866
-45.71417273190998 -49.79584487847894 -32.973603887008366
-39.0520366755583 -21.098579794521527 -46.009115433170216
-22.077930494150618 -39.27178168309203 47.20448726807728
-35.06430300701322 -57.400725522939126 -91.02985698365616
-21.7696895062289 -36.4093583960851 -51.69206523098783
-59.465460940575895 20.0537895279397 -71.82994515846362
-35.68075521606811 -35.514812263163364 78.73312948420414
10.920680081920228 1.9737215672150987 -38.35542021457536
17.418291797233074 -46.59824281494919 -7.929846468754156
-2.291293292589025 12.1955712686294 168.94705234462708
117.35208931016233 -26.86160679857827 -82.9088173509851
-13.960507467035054 -2.1928938428291143 -58.87794509038514
57.22915928440418 -52.43766014419269 -37.291985242659536
10.143863613809478 -0.28856080257392946 208.66909931510224
-47.103713123168134 -31.767155771388843 -58.32110962890764
189.60418006394147 108.15438318317777 57.925208912108346
101.36756767965147 162.00694024202255 9.62087108306011
142.02120665399224 229.90915245598248 60.98779396920463
167.03931392655724 192.35852345909987 239.13743354758932
-96.23758723616228 -114.99845536208025 -112.55943760946599
-87.9009586747328 -91.02760688860882 -88.1121360872157
-88.4592327471935 -121.68649743894807 -106.90620069333605
-117.74436924946708 -93.97178204234594 -129.59546631284354
-73.26209151129042 -73.54582128095818 -52.904654470263594
-72.10766527363168 -76.2181870007932 -82.24391841665688
-74.43425107288714 -86.61397613419257 -127.90287705951295
-74.22555062061033 -79.54116776871064 -129.0905480793567
-58.234602711468675 -56.029107427968086 -61.324922837054686
-58.613887146181085 -58.58937841864722 -54.06785472407614
-57.59023869785265 -79.40946652377492 -87.91630998096493
-57.733287415919825 -71.76483234258758 -61.016858907848615
20.643566504339493 -126.88212568892797 -148.12910868419732
-101.23739359800354 -112.83736662205007 -118.7250151302815
-95.47040702645444 -121.5910831185828 -122.3498583151332
-92.04966852912891 -81.39343405075658 3.215572462498311
36.87788738888402 -81.79505757294186 -157.28752441907227
-37.84298027034207 -69.95648853295936 -80.18391924771979
-64.99024892999587 -2.366859912137496 -86.21209073484465
-54.54259783096021 -60.48865887579937 28.32163799103303
20.935246722253034 -21.901145226739914 -114.6878839911029
4.051341385975545 -56.85591620899646 -66.42709212181174
5.348604552563666 -17.675694004617473 -97.76147796058959
-0.0674824356886683 -13.371177250264822 34.72253559214111
21.051367905527222 -26.774496627065865 -115.05968646920417
-37.66524538743252 16.121263013918664 -20.431254071302725
15.179660135835228 -83.45233305373429 -67.80268107662819
18.848876985139018 19.27108051870436 -23.998093387117073
15.310776178599689 86.7229301705188 108.88835155198468
66.52699713411862 1.5643108327800943 -9.431373820557484
81.17251963518439 25.48142040398566 -101.91202196906504
15.91520712714837 88.30331901681488 -102.89405732021416
50.88449465031652 54.289103096368954 173.8869025966536
52.58021257303137 10.428947490651893 5.961327920558132
44.83371243269582 21.883740959589417 43.548287030062816
46.11013684923187 9.079933173597777 29.091840315379514
219.0461857883188 172.59609261441005 229.80369385553706
208.13928123012207 107.96019427279843 96.53083140622276
205.1869787899412 113.3056883318863 141.22905405649252
217.8818731816003 214.93532656627855 225.85172523653785
